3940984
3152707
3940858
3152706
3152709
2708407
8004030
5547677
5348704
5348700
5348711
7279613
7279545
3939056
3152629
3938621
3152633
3938563
3938534
8930914
3152634
7279230
3937512
7496905
7279055
7825205
3936225
3152614
2981132
2978871
2981248
2979943
2981078
2979338
2981001
2980640
2979608
8066916
2980613
2981197
2980534
2980425
2979474
2979778
7848318
7792282
2978450
2980317
2973176
2980936
2980134
2978976
2980797
2978504
2979257
2980610
2979440
2978696
2980376
2979210
2979512
2978752
2978291
2979641
2979588
2978751
2979051
2979885
2978313
2978523
2978533
2979400
2979574
2978568
2978730
2980257
2981124
2979775
2979000
2978254
7414012
2979220
2979129
2980044
2979282
2978421
2978585
2978674
8941350
2980911
2981165
2978399
2978604
2980087
2979363
2981034
2980619
2978552
2978697
2978866
2978561
2979193
2979907
3972381
2978485
2980766
3056593
3057179
3057201
3056142
3057361
3056418
3056276
3056479
3056944
3056562
3056434
3056994
3056623
3056185
3056375
3056259
3056144
3056367
3056882
3057100
3056618
3056066
3056092
3056896
3057314
3057311
7541232
3056915
3056945
3056854
8541108
3056824
2781949
5574140
2738443
3625393
7509875
3100364
3100375
5574054
5573961
5573927
6359819
5573815
5573783
5573742
9221087
5589977
5589891
9036864
6365250
3085168
3131199
3131694
3131918
3674452
7308349
3895576
5386755
5386764
5386720
3619612
3619558
3619546
7576345
2873769
2970508
2974573
2703234
3982404
3982391
3986421
3986405
3986326
3986300
3986265
7888256
3986186
3986151
4140001
2712600
5353870
2705723
4139836
4139637
2651706
3893741
3189694
4205838
5406695
5663154
5663143
5663141
5663140
5663127
5663122
2951859
2951851
2951846
7313543
7313522
5527841
5527840
5527823
5527821
5527814
5527809
5527798
7718649
5527753
7693710
7313401
5527645
5527635
5527633
5527900
5527894
5527888
5527880
7317116
3619335
7155887
3619244
3619191
2951639
2970551
2952363
2952379
2911167
3094611
4208710
3094600
3094604
3772008
3772002
3770673
2651816
2650796
2651839
8309462
3750161
3749242
8532626
3145432
3145429
9125897
3835182
4136488
3889346
3889309
8274291
3889045
2836957
2836969
2836893
2836836
2836919
2836423
3085016
3085014
3674001
2949157
2949307
2949235
2949102
2949356
2949301
2949155
2949284
2949161
2949069
2949250
2949132
2949151
2949359
2949347
2949115
2949389
2949410
2949047
2949112
2949316
2949070
3835111
2758911
2758823
2758872
2758878
9141762
2758889
2758926
2758873
2758812
2758906
2758879
2758849
8960727
2758930
2758853
2758907
2758821
2758946
2758898
2758854
2758909
4034561
2687632
5792227
2687617
2985035
3658834
3658833
3658830
2730093
5358300
5358289
5358291
5358290
5629997
5358281
9026048
2976776
2854740
5284442
2910952
8200921
4176275
4174005
4173989
2766639
2767031
2766846
7812987
2766636
7326635
8048616
7603928
4003333
4003129
4003034
4002909
5400790
5401673
2866467
3001981
3633644
3633634
4123521
2919853
2919781
3708775
2949420
8124412
3881559
3886696
5536003
8787916
7317031
5535972
5535968
5535949
5535946
5535916
5535914
5535901
7317001
5535881
5535874
7326263
3701897
2976315
2976318
5592697
5592693
5592688
5592681
5592679
5592678
2972915
2972999
2973271
2973214
2973098
2973308
2973264
8088371
2973237
2972912
2973257
2973085
2973135
2941365
2973197
2972898
2971222
2973196
2973277
2973105
2972995
2973029
8343428
2973104
2973215
2973099
2973284
2973180
2973279
2973142
2973243
2973031
2973267
2973189
2973211
2973167
2973186
2973156
2973120
2973309
2973245
2973017
2973314
2973118
2973160
2772379
3647605
2772387
2772311
3027756
3028866
3028065
3055371
3055490
3055497
3055378
3055433
3055487
7331592
3633432
3633063
4930679
2945092
2961189
3169836
3169838
3713174
3713168
3713136
3713128
3713122
3713115
4077432
2856037
2857697
2856504
2856681
2855860
5578024
7265050
5577946
5577884
5577848
5577818
7264958
7676326
5577419
5577305
5577240
5577106
7839844
7264799
5576989
7756505
5576915
5576883
5576842
2703273
4109308
4109235
5687102
5687099
5687098
2876131
2876187
5329904
2777537
2777293
2777764
2778017
2777296
2777176
2777224
2777151
2778057
2777682
2777412
2777160
2777183
2777177
2777254
2778110
2777864
2777161
2777899
2777677
2777487
2777367
2778033
2778018
2777959
2777789
2777457
2777624
2777232
2777807
2778025
2777503
2777368
2777966
2777738
2778068
2777569
2777491
2777467
2777430
2778219
2778034
2777575
2777324
2777195
2777933
2778182
2777592
2777423
8102806
2777760
2778134
2777917
2777836
2778115
2777751
2777365
2778213
2778099
2777655
2777618
2778064
7445409
2777218
2777197
2778105
2777159
2778046
2777810
2777724
2778136
2777907
2777879
2777656
5341164
5301979
3596786
3596779
3596750
3596742
3596701
5535759
5535748
5414411
2753786
8137643
7323675
3084949
3084939
3084968
3084921
2948677
8230720
2948646
2948605
2948675
8911082
6109611
7379483
5384396
7323269
5384400
5384373
5384364
9080185
3085074
5548417
5384401
5384383
5384397
5384334
3157899
2975852
7499720
3110580
3188716
3989014
7122782
5325622
6026529
2871408
2871437
2871689
2871472
2871620
2871405
2871658
2871445
2871439
2871474
2871533
4054417
7293841
4054210
4054011
4053998
4053886
4053726
4053679
4053581
4053552
4080574
7567355
3859380
3859256
3859211
2952802
2952803
5421368
3685867
7460838
4155196
4155179
4155148
4155063
3169305
5288757
5288819
3041976
2870404
2870401
5706073
8146549
3659006
5313945
2917773
9025171
9199709
8755111
8873027
8910887
2952214
3079624
3079550
4154089
4153827
4153087
4151962
4151666
4149337
4144749
2706112
4146603
4145793
4145477
4143073
4142503
8372153
4138947
4138847
3588178
4938911
7639181
2763233
2763313
2763219
2763306
2763256
2763342
2763308
2763311
2763283
3034646
3694387
4072923
2833488
2833617
2833834
2833503
2833467
2833850
2833751
2952347
2952349
2952340
2928410
5592603
5592597
5592594
3884461
3105218
3105242
3658097
3658094
8232356
3658099
3658103
3658092
3658107
3781824
7264414
5576177
5576098
5541503
5407542
5407527
5792511
5407545
5407547
5407147
5407100
5407183
5407273
5407123
5407251
5407099
5407200
3699245
3158147
8286259
2842140
3105279
4135584
4135384
4135365
8778622
3857956
9127540
4019411
4019367
4019317
4019206
4019169
4019114
4019060
4019021
4018973
2976670
2976656
2976621
2976665
2976605
2976624
2905037
2905115
3055962
3055963
3055961
5371742
7768208
7262663
3741656
3741610
3076438
3076773
3076458
3076587
3076544
3076488
3076520
3076723
2889355
3139416
3139418
2924495
2924411
3830390
3830345
2956094
3660645
3660638
8400721
2871883
2871892
3090895
2912310
2912302
2912294
5597304
8114554
5576671
2954232
2954240
2954234
7263987
7274054
2966796
5371879
3149937
3149934
7265781
3597463
5328590
5328562
5328557
5328546
5328569
5328626
5328617
5328550
5328592
3784249
3784222
3685759
8466949
3727356
8374137
3727384
3727398
8035336
3727574
3727824
5353770
2684940
8813063
7454687
2684969
2684933
5557260
5558193
5557682
5558787
4007654
2736531
2733997
2888485
2900846
3074876
2928692
2963619
2963682
2866878
2866859
2867081
2744923
2706277
4127452
4126800
4126423
4126387
4125301
4123040
4122781
4122740
3589280
3588540
7313561
2874004
3589310
3588847
3588943
3589712
2873998
4065217
3154880
3154978
3154930
3154879
3154895
7666226
3121319
7872213
3121213
8373355
3120790
3120946
3674867
5290201
5674603
4196858
8797511
3765081
2984565
5673346
2703041
3170241
5290947
3570697
5348220
2768457
2768763
2768551
2768367
2768622
2768780
2768456
2768465
2768885
2768632
2768879
2768861
2768686
2768473
2768491
2768828
2768517
9051137
2778358
3572285
5396273
7930605
5396283
5396271
5396396
5396229
8030211
5396286
2650594
2650613
4258086
2650674
2650687
4257789
4256445
4256311
2650637
2650676
9031622
3154186
3761066
3761061
3761057
3761062
5344995
5344663
5344791
5344669
3677709
3677697
3677684
3677652
3849657
3775313
3173254
3775091
3774989
7628576
3774651
2762153
3114300
3087104
3130364
3130358
5398258
3083652
4050746
2886337
2950900
2950901
3992751
2954105
2909294
2887566
2705289
2705290
2891640
2891641
2925400
2925403
5646768
2705933
2705924
4146598
3142644
3190474
3796625
2650106

2746325
3731342
3171169
9048530
7722284
3721694
2984891
2943825
2943830
2886261
3616230
3616009
3615895
3615885
3615738
5639615
5639588
5421115
7309908
8079239
5421114
7309910
7309913
7309916
3591249
3623546
2705752
7661971
5352540
5352606
5352571
5352590
5352622
5352599
5352620
5352626
5352566
5352551
2940428
5374672
5680625
3774236
3774095
3774027
3773696
3173128
3772998
3772967
3772787
3772245
3173126
3771627
3173127
3173129
3771096
3771044
7565448
3770686
3770570
3770543
3770299
3770225
3571124
3082920
3082924
3082727
5527829
7313504
3587761
3587741
3587560
3083504
3571028
5577999
3784255
3121323
5644774
5687531
5687518
5536234
4376378
2764061
5660988
5660891
4249415
8242130
3177002
3176458
3069358
5570356
3709107
3709090
3190509
5421428
3671041
7540919
3190534
5568881
5375913
9059212
8930820
4108461
4105670
4079063
3829545
5544066
5544574
2706417
2706421
2803489
2803388
2982480
3882375
5568143
7273925
2963754
2963757
2963756
2953747
2953703
2953521
2953263
2953707
2953492
2953715
2953847
2953735
2953516
2953871
2953160
2953710
2953031
2953138
2953159
2953251
5535537
2732579
3882356
3882207
7306452
3881762
4930914
4930960
4157027
4156963
7303383
4158348
4930948
4158077
4159070
4930968
4930932
4156666
4158289
4158229
4157944
7303185
2874710
3788226
4178472
4177887
4177871
4177814
4177586
4177304
4177125
4176919
4176805
4176678
4176630
4176524
9041554
7780646
4176227
4176020
4175962
4175942
8379890
4175836
4183223
4183050
4182723
4182704
4182692
4182489
2748796
3866517
2904540
2874524
3982229
3876514
3875984
7289718
5646090
5646125
3115266
3115310
3115150
3115357
3115240
7795659
2971346
2971336
2971352
2971332
2971348
2971343
2971338
2971333
2971349
2971350
5706004
3845259
3845281
3845315
3083180
2908858
2908922
2908836
2908826
2908839
2908923
3034699
8971274
8964964
5389402
5392065
5392121
5389404
5392053
5391675
5391668
5392033
5391978
5392078
5391845
5392130
5391745
8465161
5392100
5700360
5391734
3172516
2954701
2954704
2954692
2954694
2954706
2954691
3626592
3626264
3628231
8544909
3628150
3628126
5383085
2733941
5792732
2874863
8264433
5575774
3780159
5575481
5575474
5575447
5575405
5575394
5575366
5575354
5575308
8691260
3141633
3141632
3189955
3788159
3788154
5395843
5395802
5389316
5389325
5395606
5395639
5395785
3085046
7914283
2981740
2981738
7516364
2984359
3086287
3086282
3086281
3086288
4012740
4012313
9131796
2718307
9214243
4073599
3152226
4073451
5549379
5549340
5549329
5310163
2854664
2926110
2733925
2733934
2733923
2733929
2918536
5602556
5602553
7450688
7273475
5602474
5602469
7769134
5602460
5602456
5602432
5602426
5602398
8691555
3763654
5636150
5421351
5636124
5636115
9080827
5636099
5636096
8330171
2704093
2704099
4136419
3089774
3089793
3089738
3089730
3089728
5384862
7167078
7386178
2705838
2705865
4133672
2705864
2704073
2704070
4133529
4133098
4133057
4132963
2705851
4132576
2705829
2705876
2705834
2705866
4132077
4132072
4132000
2705832
4131828
4131711
4131647
2805875
2805802
2805850
2805883
3140959
3140984
3140990
3140989
3140987
3140969
3140962
5676364
2952656
2952673
2952679
2952651
2952652
2952658
2952655
2952648
2952661
2952659

2952653
2952664
2952680
2952674
2952670
2952650
2952654
2952676
2952671
2952672
3581004
3580725
3580663
3580642
7900675
3580588
3580357
3580300
3580201
3579572
7264191
5575151
3696174
2959234
7594094
3042751
3042636
3042658
3042845
3042845
3042845
3042845
3042845
7903057
3718060
8538427
3718056
2900819
2900926
2911295
2911261
2911296
2911275
2911298
2911278
2911280
2911287
2911281
2885429
7278636
3793827
5383031
3076170
3076302
3076233
3076172
3076157
3076262
3076142
3076115
3076287
3076176
3076141
3076099
3076308
3076173
3778435
3778361
3778283
3778268
7264140
3778111
2702793
8146408
3743635
8260914
4127409
5569781
5361944
3703839
5555223
5555210
5341760
5341758
9099468
6370900
2932914
6402571
2932913
2956899
5602317
5602300
7405192
8239148
7577729
7877165
3878507
3579445
7496615
3173338
4055446
3173340
4055622
3173331
4055797
5304898
8318227
5304858
5304962
2843521
2844976
2842739
2844166
2844537
5292304
5292252
5292456
5292301
5292190
7817859
5829787
3829921
3829911
3829901
3829881
7268700
5341085
5348890
2865202
2899712
5550253
2977393
2977396
2977397
2977392
2940416
3987952
3988094
3987991
3191361
7322967
3668247
3872734
8018553
3054234
3872613
8188508
3872572
7273391
3872513
3872494
3872486
3872427
2968348
2958568
2958562
2958671
2958706
2958654
2958468
2958699
2958715
2958499
2958870
2958495
2958720
2958515
2960383
2960404
2960284
2868390
5294346
7574765
5329166
7566486
5391480
3674296
2981836
2982155
2982067
2968057
2981994
3621279
7291761
5393466
3173413
7993356
4937111
5792426
7710179
8265639
8172370
5421065
7447990
8158215
7755610
8006459
7669145
8212233
7424662
7540871
2959433
3139790
3579089
7736976
2932963
2932961
2932964
2932957
2932955
8908700
3861095
3860986
7365967
8272306
3679933
2904503
2820929
2820922
4023407
3189635
5358230
5411424
3662058
5563685
2740373
5552903
5552867
5552853
5552846
5552825
5552823
5552820
9064273
5552817
5552802
5552789
5552753
5552736
5552734
5552728
5552722
5552716
3793582
5407583
3161923
5636178
5636087
5421344
5636239
2962182
2962193
7799711
9038378
2962050
2962021
2762470
8034409
8034409
5602664
5361880
3841155
7270041
2900880
2917579
2917498
2900910
2900912
2900897
2917433
2900885
2900920
2917594
2900908
3055023
3171842
5601867
5601795
5601777
7782352
5602421
5602400
5602185
7273413
6370689
5602023
8340881
5375388
2932944
2932942
8403992
2883211
3873929
3578737
8081628
7673955
3577587
3577535
3577285
3577277
3577268
3851350
3046258
3045848
3189932
3189935
3189939
3114578
4212853
3114606
3114721
2728364
2874484
2874487
7600659
5414419
5414420
5536293
5536282
5536267
2860922
2896629
3703534
3084842
4259329
4049539
4049490
4049471
3138327
3034714
3618796
2738902
2738914
5604327
7682619
7916423
5603804
8033774
7833538
8222887
3190134
5357073
5357107
5357170
5357110
5357058
5357113
5628189
5357108
5357158
5351714
5357175
5357125
5357064
5627451
5357138
5357182
3596651
3873878
8690700
3874027
3873985
3873856
3874109
3874051
3874005
3873996
8809297
3874262
3033999
2984558
2891932
2891930
2891926
2891934
3796664
3169158
3618598
3618592
3618582
3618574
3169830
3618529
4105217
4093688
2910914
2910886
3983446
3071265
3071261
3916499
4054698
4054693
4054638
4054612
7987263
3190511
3990255
3990259
3990256
3990257
5406697
3793187
3674187
3085191
3673917
7323360
3673824
3673793
3673751
3673478
3673456
3673375
3673301
3085198
4159612
5834428
4159937
4159999
4160201
4160195
4160100
4159774
5289734
4109540
5289739
4104614
4933038
5673992
3128052
4249996
3129015
3128123
3128537
8005742
3034128
3629130
3673124
5391292
2706433
3075519
5944638
2965003
2964904
2964906
3085184
2923961
3055908
3055905
5564620
5356354
2651586
5415089
5415090
7155766
2872030
3604637
2872038
5353590
7975592
3086518
3576554
7150877
3575796
3575585
3575182
7150667
7221866
7742752
3574393
3574157
3574105
3573961
3573786
3573735
3573490
3573484
3573206
7591882
5705747
2939919
2939931
4159728
5615302
3617715
2949868
2949559
2950687
2949562
2950286
2949988
2949769
2950539
2949803
2950434
7494668
7635901
3831092
3831048
4154326
4154319
2912652
2912704
2912698
2912852
2912655
2912643
2912680
2904067
7335596
7335464
2814889
3758852
3083838
3083836
3756077
3083851
3083903
3757222
3083909
3083823
5671955
2972895
3683138
3682997
7325915
7326220
3684781
3818122
8193272
5289612
5289618
5678680
4142045
5678495
5678467
5289624
3572663
2775031
2774805
2774928
2774846
2774860
2775068
2774395
2774931
2774517
2774779
7616878
2774528
2774943
2774912
5593562
5593559
5593556
3616838
8825764
4261757
3087725
3054436
3054429
3054448
3054431
3088368
5406263
3118288
3141119
3118436
2985082
2885890
2885627
2885623
2885663
2885828
2885730
2885905
2885668
8045988
7789745
8536476
2885914
2885869
2885922
2885931
2885638
5290133
5677467
5677426
4934732
8594399
3787015
3787009
3786985
3786953
3788188
3788199
3786864
3786858
7265004
3786814
3786792
2947311
5392243
5392252
3938079
3937959
2901401
2901250
2901294
3141240
3033991
7512166
4180923
3033987
3877824
3877809
3112801
7514615
3829811
3829552
3829287
3033937
3830556
3830522
7293774
4053033
4053024
4052551
4055148
4055138
4054763
4054717
4054641
7361924
4053021
4052418
4054980
4054602
7525906
4054176
4053909
4053790
4053695
4053613
4053587
4053550
7130673
3039168
4052757
7293719
4052476
4052450
4054172
3730610
8353498
2925396
3833029
3833003
2874622
2874621
3190164
8077391
6433679
9198046
3190160
3190157
3190168
3190172
8206387
2731327
3871699
8204270
3152040
3152038
8012566
3190413
3073792
4152181
3081501
7921947
3081645
3081752
3081723
3081627
3154014
3154010
3153999
3154007
3923641
3921036
6374361
3930358
7597247
7277934
3928221
7277629
3926481
7277442
3871600
8386484
3871552
3871543
3871329
3054225
3872546
3054217
3872435
7472960
3871779
7641013
3054196
3873144
3041500
3054201
3872819
8534737
3054214
8226041
8140719
3895362
3894676
2925357
3893667
3893524
3893266
3893144
2925365
8128288
7307984
3892582
7307943
3892186
3891511
7307741
3890745
3890442
3890436
3890422
7307600
3890077
7307587
3889807
7307539
2925356
7999246
3889227
7307467
3889087
2925368
3888819
3888662
3888605
3888593
3888580
3188642
7307338
3616445
2946543
2946729
2946665
2946519
7388745
3917675
3917660
3917579
7584556
3917508
7687849
3686867
3686799
8080270
3127698
3073512
3624818
3624807
3624777
7426769
2874564
3624521
3624189
3624111
3624014
2888831
3829491
3033943
3830806
7569713
8659042
2874867
8274949
2874865
2735117
2891990
3071476
4114207
7297314
3743594
3743582
3743572
3743566
3743559
4152022
2895345
2895342
2895528
2895563
2895478
2895439
2895393
2895430
2895472
2895446
2895464
2895488
3623906
3623892
2706301
5406685
7748889
5406684
5545871

8087668
7496322
7366026
7620105
9064516
7936953
5545734
7997102
8283682
8181825
7919664
8148842
7557874
7344948
7393265
7738404
7933041
5545555
8306283
7990149
8123672
7469232
5545386
8141901
8043615
5406687
5406683
7727651
5547419
7844550
8379861
7414238
5547268
8546215
4059906
4092155
2765076
5605105
2892156
5330776
2974567
5372463
5372467
5603150
5603148
5358255
3698905
3698812
3698699
3698691
3698502
3699926
3699709
3699630
3699594
3699542
3699496
3699477
3699468
3699419
3699313
3699167
3699051
3698962
3698887
3698846
3698798
3698760
3698750
3698692
3698472
7532957
3700027
3700000
3699990
3699874
8165647
7166924
3699768
3699735
3699651
3699632
3699271
3699100
3698909
3698648
3698628
3698548
3698309
3698275
7961582
3699985
3699974
3699963
3699953
3699804
3699705
3699515
3699462
7166895
3699240
3699075
3699055
7327073
3698656
3698585
3698260
7789070
3699732
3699654
3699401
3698983
3698794
3698688
3698641
3698630
2763987
2763941
2764194
2764370
2764066
2764202
2764389
2763939
2764085
2764087
2764388
2764166
2764263
3701197
3701071
3700941
7327307
7286896
3994073
3994043
3993970
3993911
7286853
3993585
8021195
3993413
7286807
7286802
3993259
3993528
3993229
3993129
3993095
3993077
3993045
3993027
3992975
7509298
8273566
3190457
3992844
3992827
7286767
3992728
3992660
3992636
7286744
3992531
3994354
3994345
7393982
3994302
8109315
3994183
3994150
3994109
3994102
3994082
3994054
3993980
3993955
3993856
3993846
3993779
3993770
3993761
3993726
3993649
7286834
7286821
7286815
3993367
3993323
3993213
3992966
3992919
7735156
3992791
3992783
3683817
7460262
3687018
5421045
5553336
2898334
2928390
3679569
8339877
7549505
5404794
8409883
7618679
5404795
5404801
5398119
8241779
5398209
5398171
5398130
5404804
5398027
5398134
5398028
5398126
5398079
2978118
2978197
2978190
2978191
3623632
3623613
7494405
5631528
3783338
3152092
8419262
3152082
8129124
4260572
4260267
3152084
3152090
3152081
2981417
5660325
7649215
5660184
5660072
7295582
5662418
5662125
5661472
7295132
5341290
5341289
7971003
5660676
5660660
5341267
5660585
5660435
5660393
5358326
5358325
5358324
5358319
5358321
2766314
3133950
3034871
3758905
3663238
2801405
2901471
2901474
3098951
3784907
2756876
2756948
2756915
2756790
2757040
2756784
2756814
2756796
2756845
2756942
3025572
3112123
3101671
5688791
5361969
7859707
5574116
5574072
2944948
2944954
2944936
2944949
2944951
5373475
5373524
5373513
9046080
3115443
3115441
3115422
3115421
3115468
3115455
7334090
7396425
2900760
2900773
2900762
2900768
2900772
3569507
3569496
3569486
3728025
3871686
3871591
3871553
3054263
2903104
3727874
5403428
5403626
5403412
5415081
7324452
2853796
2853656
2853913
2853719
4014047
2853652
2853929
2853956
2853791
2853698
9186313
2853789
2853936
2853683
2747948
2747430
3773534
3773261
3773232
2898652
3586872
8414615
2942820
2941976
2941994
2941882
2942315
2942344
8045368
2942929
2942896
2942220
2941857
2941944
2942741
2941859
2942429
2942778
2942628
2942702
2941760
2942246
2942573
2942585
2942521
2942521
2942032
2942153
2941759
2941791
2942061
2942526
2942677
2942375
2942877
2941842
2942065
2942754
2942265
2942162
2941957
2942756
2942327
2941831
2942257
2942473
2941865
2942268
2942600
8260433
2942472
2942954
2941924
2942014
2942274
2942610
2942626
2941810
2941917
2942727
2942502
2941863
2942630
2941939
2941986
2942119
2942654
2942649
3058286
3059301
3059041
3058823
3058586
3058535
3057553
3060295
3060099
3059830
3058880
3057565
3057685
3058705
3058353
3060254
3059533
3059405
3057957
3060310
3058150
3058666
3059475
3058727
3058583
3060357
9062225
3058277
3058093
3059419
3058688
3058594
3918427
9041733
3058174
3059727
3059413
3057480
3057478
3060022
3059962
3059708
3059559
3059460
3058050
3057677
3059815
3057669
3059061
3058310
3058085
3057468
3059473
3059425
3059425
3058821
3059376
3058146
3058776
3058456
3060325
3059956
3058625
3058591
7541779
3058935
3058576
3057656
3059791
3059327
3058127
3062814
3062826
3062823
3062853
2974618
2974599
5290182
4175837
4175719
7505646
6712894
7432367
8014412
7522717
7756926
7998233
5524969
2956502
2956484
2956480
9093740
3170471
4041302
7319260
5678205
5678183
4140451
7351449
3644242
5536833
2874504
3622709
8298709
2874573
2874574
2874572
3625794
3625784
7894214
3625577
3625357
2874570
2874577
2874575
2874576
4939974
3624467
2874569
3624010
2874512
2874515
2874509
2874508
3792977
2869033
2869046
2869049
2869021
2869039
2869055
3034775
3036390
2684046
2684070
2684030
2683955
2852556
2853006
7427766
2757624
9074272
8057620
7154776
3610757
3610749
8406906
3678466
2927522
2927545
3035222
3035225
3035238
3035216
3035241
3035208
5339190
5339212
5339194
5339214
2946183
2860900
2860907
2860903
5303388
5303318
5303401
5303371
5303407
5303394
5303346
5303341
3599107
7314643
3598276
7603461
7314591
3600409
7323766
5548600
5548564
5548538
5548527
5384314
5548482
2683217
2683272
2683282
3625789
2874529
8756320
7160014
2651467
7708168
4082724
4080941
3727520
7331932
3727296
3727206
6438726
7331890
5362215
2977092
3838712
3838703
5535375
4151099
8992576
4150990
4139473
7417440
4139089
4138729
7421320
2705267
4138622
2705269
2705273
5328492
7543836
3571081
3570954
3582565
3582008
7312614
3580737
3580215
7312452
3579519
7460622
3578658
7439462
8319384
3576723
3576299
3575140
3575010
7981510
3112364
5289797
6109637
5289802
5289798
2925816
7295212
7295165
7960618
4063288
2966881
2966811
2966844
2966887
2966889
2966855
2966820
2966901
2966813
2966923
2966828
2966865
2966860
2966845
2966854
2966825
2966827
2966925
2966852
2966842
7445043
2781491
2781673
2715045
2714156
2716444
2715655
2713638
2715577
2714416
2715129
2716527
2713479
2714301
2713778
2716055
2716016
2714913
2714796
2714238
2714531
2715374
2716226
2715206
2714992
2714551
2716093
2715828
2715828
2716150
2714233
2714166
2715729
2714606
2713559
2714662
2716151
2715068
8243603
2715867
2716339
2714540
2716777
2716662
2716218
2714111
2716545
2716380
2714265
2716311
2713486
2715089
2715947
2716134
2715505
2714816
2716366
2716117
2714818
2716106
2715182
2714571
2713608
2715746
7849999
2715117
2714283
2715199
3166499
2928852
4053168
7293759
4053092
4052925
4052910
4052875
4052829
4052784
4052662
4052519
4052487
7293702
7293698
4052302
4055291
4052669
4055163
4055155
4054995
4054953
4054911
7293888
4054646
4054608
4054412
4054241
4054211
8596756
4054070
4053931
4053827
4053664
4053574
4053461
7293764
4053047
4052751
4052632
4052529
4133052
3063578
2786077
2786047
2650818
5354656
3992522
3190456
3994172
3994172
3994143
3994110
3994037
3993999
3993905
3993762
8482547
2985663
2985636
2985589
2985650
2705308
2706188
4149959
4149875
5387142
3570325
3570280
2968545
2968574
2968664
2968511
2968405
2968787
2968572
2968534
2968441
2968551
2968465
2968593
2968580
2968729
2968416
2968818
2968552
2968520
2968720
2968493
2968528
2968883
2968569
2968587
2968662
2968812
2968749
2968911
2968484
2968897
2968360
2968920
2968750
2968697
2968896
2968653
2968836
2968773
2968618
2968576
2968537
2968464
2968557
2968529
2968532
2968362
2968635
2968751
2968777
2968906
2968440
8029156
2968463
2943744
2943745
3055732
3055713
3055569
3055723
2970579
5337772
5337757
5337797
5337754
5337796
5337751
5337775
5337777
5337766
2948728
2948729
2948726
2948722
2948733
2948730
2948720
2948727
4146804
7375435
8259730
8135923
7894250
2928755
2928747
2928751
3034742
8684056
2977712
5527878
3788039
7265136
3787995
3787955
3787938
7265127
3787879
3787829
3787808
3787801
3787781
9190347
2956180
2956183
2956174
2956188
8877475
3706838
3921800
5333659
7729628
4145704
3157443
5350305
5350303
8209948
5350336
7637582
5360097
2967767
2967259
2967898
2967395
2967293
2967708
2967795
2967060
2967846
2967055
2967467
2971243
2967601
2967724
2967858
2967221
2967163
8331769
2967431
4142071
3597452
4259326
4259320
4261927
2961174
2961176
2961177
6027147
2941152
2970933
2970959
2970949
2970935
2970962
2970943
2970947
2971007
2970950
2970985
2970986
2970964
2970936
2970938
2970968
2971003
2970960
3166998
3166992
5305224
3085418
3810336
2796364
2796405
3870255
8613926
3585148
8896528
9216156
8908891
3869810
2702446
2702450
4133054
4195920
4195846
4196111
4195897
4195988
4195827
7309874
7309902
4196008
4195684
4196100
4195762
4196020
4195768
2928666
8126923
2763632
3074964
3115608
3115588
3130165
2975874
2975891
2951677
2975884
2975870
5575849
5575536
5575510
5574971
3103392
3103369
7788913
3103385
3103342
3103375
7957265
2974570
2974574
7311513
5524263
5524232
5524199
5524178
5524147
5524098
5275373
2892165
3621674
3621662
3621653
5293187
2965882
2965879
2965873
2965883
2965877
2965880
2899390
2899388
8245617
2742428
6429755
9026318
4131963
5289943
5676573
5676555
5672137
5289998
5676197
5289948
5676067
5289973
5289960
5289987
5289953
9228169
5675776
5289958
5289947
5949186
5289974
5289950
5289967
5675377
5289972
5675188
5289935
5289995
4125138
4125105
5383898
7590974
7568389
5402358
2703240
3869588
5359589
5359591
2908612
2908640
2908594
2908595
2908624
3685762
4161357
2754610
2754367
2754476
2755034
2754458
2755140
2754659
2755726
2755684
2755765
2755489
2755116
2755097
2755374
2755027
2754673
2755195
2754998
2754900
2754831
2754496
2754780
2755613
2755560
2755533
2755728
2755468
2755238
2754461
2755690
2754460
2755630
2755797
2754605
2755608
2755178
2755681
2755052
2754881
2754792
2754395
2754379
5592892
6056984
4070211
4070772
4070760
4070555
4070507
4070242
4070005
4069913
4071396
7910926
4071062
4071043
4071016
4070878
4070466
4070410
3032993
3032976
7529767
9122952
3032960
4071209
4070970
4070590
4070544
9025321
4070165
6056961
4069999
4071439
4071338
3032984
4071285
4071212
4071137
7295808
4070128
4069801
4071204
4070905
4070538
4070097
4070992
4070858
4070702
4070674
4070592
4070513
7295817
4070209
4071156
4071050
4070917
4070593
4070454
4070343
4927716
4069760
4071348
4071296
6306848
4070751
4070656
4070548
4070497
7831260
4070105
2768312
2768199
7558255
7317695
3637348
3637270
5536384
5376378
5376326
4102724
2783614
2783872
2783800
2783772
3775031
3771749
3070656
3070825
5580907
5580905
3867050
5938770
3866859
9114404
3866695
3866347
3866321
3866028
7665711
3865782
3865736
3865463
7273039
3865364
2964857
5400049
5400061
5400038
5400056
7724878
3796618
5577199
5421144
2975594
2975602
2975603
2975550
2975651
2975561
2975585
2975553
7593485
6029552
8109585
7593589
5546215
7978065
7860911
7831130
7685163
8118217
7385678
7640016
7548661
7980546
8381101
7427489
7735403
7726334
5545842
5406689
5545821
8210276
8286827
8330541
7811114
5545655
7621150
7449279
8429157
7885297
7728848
8079823
8406422
8097324
8071341
7491339
8251354
5547566
7510517
7535890
7698244
7751948
7652854
7577828
7432358
7605701
7920708
8255590
7582761
8138755
8327846
8268633
7820271
5547153
7516149
7533272
7567401
7702378
8394104
7604118
7480851
5546855
7843445
7711502
7828555
5546739
8358327
7769391
7350614
7774364
8120860
5546635
8161056
7617169
7850156
8244406
7344946
7650567
7499256
8403761
7497614
7667773
7923156
7935733
3742136
3742124
3742083
7264734
3784509
3766272
3766230
7262729
7262659
3765058
7262588
3764528
3763788
3763412
3763387
3763152
3762590
2874133
2874131
2874134
3880421
3880414
3880409
3880394
3880318
3880304
3880247
3880241
3880235
5304694
5304502
5304485
5304629
5304607
5304554
5304677
5304675
5304669
5304612
5304583
5304533
5304664
5304652
5304537
5304436
5304645
5304547
5304544
8295156
2776714
2776601
2776661
2776748
2776687
2776461
7300963
2945567
3190722
3191240
5384509
7267996
4025051
8629962
5275132
5656379
5657641
5657500
3076024
3075821
3075740
3075687
3075647
3075737
9043911
7799339
3076053
3075865
3075759
3075913
3075990
3075770
3075644
3075681
3075958
3075646
3075992
3075876
3075872
3075809
3075819
3076081
3075980
3989330
4261717
4261712
4261707
3157560
3157612
7974157
3774131
2968140
3906953
3912526
2925655
7521731
3061255
2735946
2735831
2735798
2736040
2736002
2735969
2736018
2735913
3593724
2735856
2735779
2735924
2735806
2736051
2736015
2735986
2735865
2735791
2735813
2736043
2735928
2735889
2735871
2735853
3772717
8534905
7361025
3771749
7264277
4119704
2702812
2702808
2702804
2702821
4118513
2702805
4118165
2702806
5392676
5392820
5392691
5392701
5392845
4059853
4058830
7295558
5384950
3577512
3577469
3587279
3588220
4067176
4067081
4066843
4066252
7295351
4065834
2765940
2765979
3851322
3851310
2731882
4031791
7426040
4031043
7290985
4031601
3792154
9072394
3791558
3791348
3791140
3791126
3791033
3790806
3069668
3070311
4012130
4101698
4098710
2717827
2717712
5395928
5395925
5386686
2933003
2933010
2933005
2933004
2759871
2705957
4115735
2705953
4115584
2749556
4114846
4114815
4114761
4114608
4114565
4114523
4114434
4113971
3779106
3779075
4152785
3720904
3720538
3720386
3720331
3720222
3719859
3719794
2888871
5401498
5401541
5401512
5401560
5401477
5401509
5401491
5401571
5401487
5401606
5401494
5401483
7376217
5349213
5349212
5349217
2683784
2683718
2683713
2683719
7843176
3899696
3899644
3899585
3899344
7288117
4003106
9205536
2970577
2888092
2888076
2888115
3170131
2703892
4152264
2763035
2763048
2763029
2763085
2763050
2976190
2976222
2976261
2976183
2976218
2976193
2945486
2976248
2976232
2976216
3851018
8696744
3850993
3850973
3850935
3190487
3850903
3850836
3850731
2961148
2961150
5679682
5290205
5679668
2893871
5402447
3127467
3782229
3189172
3666704
2868272
2687940
4150768
4150758
4150356
4150175
2705341
2705431
4149775
4147880
4148876
8621843
2705373
2705378
2705391
2705329
2705384
2705394
8080622
4145169
4144881
2705449
4144223
4143795
4143647
4143512
9046604
2705400
2705350
4140756
2705445
2705325
2705426
2705397
4139754
4139594
2705340
2705441
4138795
7581794
3775936
2735765
2735758
2735769
2735764
2735756
2735763
7539717
2735762
2735760
4002971
5333410
5683066
5682813
3146718
3024146
2702525
4134240
3784209
8342557
8099548
8637661
3784146
5348931
5348926
5349155
5349087
3970296
5348973
5349074
5349090
5349002
5348995
5349011
5349101
5928705
5349042
5348976
5348996
5349115
3969958
5349100
5349113
5348948
5348963
5349069
5349056
5348960
5349175
5349142
3969701
5349037
5349160
5348922
2775845
4030462
5375920
8019457
5375517
8921678
3034425
5349609
5349697
5349523
5349569
5349634
5349557
5349508
5349558
5349620
5349601
5349506
5349556
5349768
5349649
5349704
5349619
5349755
5349679
5349683
5349743
5349538
5349581
5349680
3109917
8245625
3054580
3054589
3054547
3054636
3054606
3054650
3054540
3054571
3054631
3054647
2971189
2971188
2971190
2971195
2971196
8350553
2873939
3694470
3694402
3694349
3693939
3694277
3694032
3694472
8057591
3091122
3091115
3091108
3091110
2759896
3873117
7874359
3176384
3177230
3176197
3180581
3176313
3176995
3176816
3176325
3176934
6437307
3176787
3177028
6437284
3716556
3180485
3176755
3176810
3177184
8923414
3177273
3177246
3176213
3176566
3176649
3176743
3177119
3177224
3177189
3176719
3180533
3176605
3177112
5325597
5290156
6056988
5662686
5662665
6056978
7868746
6056974
5662635
2902010
2775117
5417071
5416882
5416352
8108122
8090824
8355847
5417702
5416186
5418046
5417867
5417457
5417168
5416866
5416458
5416266
5311683
5312088
5311980
5311673
5311624
5311341
5311832
5311451
5311862
5311381
5311649
8320832
5311541
5311439
5312117
5311994
5312043
5311779
5311474
5312029
5311592
3069564
3069430
3067929
3066842
3065329
3069318
3068483
3070508
3069871
3065313
3065322
3069966
3068335
3066564
3066041
3068488
3067869
3069308
3069142
3069097
3067261
3066751
3065947
3065338
3064463
3063823
3070044
3069701
3068449
3068069
8202144
3066034
3065727
3064715
3066019
3067010
3066545
3064714
3064608
3065147
3067513
3066850
3066980
3065287
3070227
3070132
8330922
3067861
3069908
3064771
3064495
3063937
3068937
3066321
3065912
3064820
3063803
3070041
3069095
3066750
3066062
3065732
3065163
3069859
3065903
3066435
3069804
3917685
3067404
3066857
3066475
3064025
7926635
3068589
3067157
3917599
3067904
3070076
3069866
3064031
8540569
3066075
3065006
3066386
3065907
3065046
3064526
3067734
3068436
3067073
3066982
3066855
3066000
3070280
3067891
3068317
3065334
3066465
3065164
3064917
3064663
3063875
3068128
3066838
3069585
3068658
3068450
3068293
3068251
3066916
3063749
3067410
3066860
3064163
3068930
3068468
3067315
3065210
3064717
3070413
3066919
3069353
3068082
3070416
3067466
7970791
3066079
3065393
3065294
3064759
3064520
3069619
3068236
3066685
3063852
5421143
5395005
5359781
5359780
2928673
2928680
3792837
3841052
3840827
3071661
3071658
3071648
3071652
3071691
7939690
2917834
9077654
2892867
2892912
2892852
2892901
2892878
2892851
2892858
2892916
2892929
2892849
2907644
8949467
3835846
6384901
6384851
2889373
5360150
3839703
3839571
3047968
3047999
3047985
3130087
5636849
5636842
7287224
5636801
5636791
3662663
5401230
5401266
5401223
2899661
2899651
7440586
7486939
4093751
4093742
8113074
8048981
4122231
4152661
4113916
3591662
5570182
5572372
5571933
5571887
5571582
5361919
5361932
5571164
5571097
5930699
5361909
5570615
5570148
8141207
5569861
7262354
5572427
8267087
7835333
5572043
7687857
5571567
5571065
8235296
5570086
5572364
7262795
5571832
5361899
5570950
6358688
7262455
5570260
5361916
5572533
5569755
5572392
5572346
8368351
5572167
5361930
5571630
8385498
5361935
5571221
5571073
5571063
7262605
9186600
5570867
8238443
5570131
5569827
5361921
5572684
5361900
5572526
7262859
5572235
5571957
5571840
5571789
5571767
5571755
5571688
5571515
5571469
7464050
3189977
2981414
2708808
2708137
2709087
2708724
5574503
5635057
5331162
5331166
5331164
2874157
5331160
8415584
5287573
5287564
5359906
5359839
5359866
7639073
8175271
2765599
5382877
5382823
8295846
3576109
3575990
7754074
3034922
3083069
3083073
3083082
3083090
3083088
3575883
4101888
5421184
3029817
7801788
2874692
3172348
8398880
3156815
3180877
5938224
3896330
2718992
7315286
3169842
3169843
2769796
2769869
5339692
5339637
5596966
5339581
5339693
5339682
5339583
2951665
5387853
5387821
5554121
2900024
3132590
3132570
2914306
7732843
2913214
3787990
3711270
3710798
3710793
3715199
3714732
3714695
3714488
3189558
8732058
3714164
3714147
3189563
3189564
3713918
3189571
3713805
3713409
7396822
3713282
3713098
3713068
3712733
7384904
3712332
3712268
8231835
5337861
5334988
5335013
5334990
5335157
5335045
5335100
5335049
5334945
5334953
5335150
5334974
5335113
5335089
5335053
7513799
3112466
3119862
3119845
3119853
5340395
5340364
5340353
5340379
2890500
2890643
2890294
5388721
7813509
5388701
5388691
7380384
3878888
3730649
2977460
2941679
2941702
2941659
2941646
2941661
2941643
2941683
2941667
2941685
2941691
2941650
2944305
2944312
2944310
2944308
4101459
7300847
7265816
3071136
3071137
2749875
2750341
2750406
2750207
2750143
2750015
7614320
2743128
5578264
3084616
7715379
2953986
4002296
9122386
5578465
2740024
3574722
2886304
5359660
7732678
5706200
8247889
2653226
2653103
7452790
5523388
5523337
8338024
5523137
5524833
5524722
7311584
5524675
5524662
5524583
5524065
5524019
7401024
3574008
7150619
3573863
3170326
3573403
3573258
3573202
3573170
7311874
3084911
3084908
5330157
3572914
3572834
8233791
8201164
3152663
3152666
3152658
3152661
5602995
5602985
5602983
5602974
7441245
3729964
8028873
5361956
8151149
7406146
3173137
3156188
3156191
2891792
7287734
7532458
8415464
4261178
7925218
4261126
8042537
4260897
4260891
4260849
4260834
4260786
8017545
4260612
4260517
3152078
7553088
4260407
4260211
4260133
4260091
7841419
4261911
4260042
4260004
4259947
4259926
4259863
4259807
4259767
4259697
7699913
4259602
4259360
4261940
4261902
4261873
7936113
4261821
4261700
4261694
7311206
4261633
4261595
4261567
4261391
4261358
4261056
4260959
4260949
7311140
4260754
4260704
4260545
4260522
4260387
4260365
4260353
4260333
4260299
4260231
4260214
4260200
4260115
4260077
7311070
4259969
7906837
4259939
4259907
7588107
4259732
5349430
5349428
5349429
5349431
3061388
3061389
3986813
8252209
3852170
3851701
3851327
3849847
3152195
2894828
2964780
2964802
2964813
2964803
2964782
2964815
2964812
2964801
2964786
2964817
2964788
3699789
8584304
3088623
3723634
6063780
3113822
3113852
4214031
3124172
3170353
3791985
7265517
3791646
3791606
3791339
7265430
3794293
7265750
7265741
3793847
7265714
3793707
5792414
5289743
3139818
7715188
3139854
3139933
3139852
7326414
3685318
3685454
2829443
2829300
2828753
2828680
2829101
2828309
2829327
2828830
4161359
2705462
3662214
2950903
2950910
9215963
7287627
2908806
5560356
2864094
2762086
6035826
6035776
2902066
3758785
5377974
3787100
7265029
8046065
8549147
5834570
2951884
3632240
3585335
7410371
8102122
3709029
3711847
2762194
2762197
7819165
3889016
3888853
2982461
3685375
3852454
7883492
2758601
5635607
5336242
2899496
3685648
7379607
7813205
2892834
3595676
3596322
3596007
9206251
3131252
3131652
3132016
3131151
3131486
3131655
3131558
3131345
3131748
8779098
3131114
3131674
4247183
3131324
3131888
3131842
3131274
4246344
3132007
3131396
3131612
3131736
3131423
7465432
3131603
3131749
3131866
3131956
3131845
2760874
5546922
7707676
4153056
3875572
3875546
4067974
2925790
7295525
4066841
2925786
2925788
7566320
4062549
2925775
7294783
7294776
2925777
4060631
7287959
3686852
2706322
3885807
3885426
5548088
7804179
7725132
3668686
8290893
3085071
3685326
3685368
3685338
2766109
8980889
5290179
5290180
3983170
5418505
5418504
9110309
8957520
8778637
3071171
5549147
3155112
3155101
3155117
3079180
8293057
3152551
3939977
3939774
3939624
5835401
7525852
3152574
3152547
3938444
8050540
7414746
3938247
3938056
7279239
3937864
4939638
3937211
7279127
3936064
3935918
3935812
3152573
3935768
3935600
8356610
3152555
3935160
3935028
3935019
8010160
7278860
3934701
7278813
3934011
3152559
3933849
3152582
9064581
3933602
3933475
8428256
3933203
3941020
3152584
3152560
3152562
4123374
4123360
7324282
5549110
5549105
5545403
7846037
7309627
4060166
4060158
4060143
4060129
7601001
3791138
3063705
3191302
3745553
2985173
5347548
3169751
3169748
2925665
4160181
3884771
3884746
8388500
9112324
7735894
5604065
8299241
8160701
8103195
5603609
7183108
5525637
7183109
5525613
5525611
7183110
3659541
5595116
2706056
3884477
3039410
7452877
5699739
5395971
3571459
7311708
7311703
5657990
5657988
5658048
5658029
7859962
5658022
5658050
5657987
5549091
3852211
5349876
5536565
5536561
5536524
5536474
5536469
5536465
3991076
9160399
3992164
3990871
5380015
3831079
7296211
3877971
7319908
3646110
3646099
3646090
3646118
3646105
5329570
3034611
6026952
7978544
8418338
7316298
3610782
5415352
5575692
5575185
5575183
8106597
3084396
3084394
2952762
2950750
2950730
2860119
3082045
3082039
3082037
3082056
2919015
2904484
2904461
2904455
2963380
8170418
2928977
4110442
4110419
4110367
4147410
4147349
4147281
4147274
4147250
4109884
2703245
8645523
4109714
2703243
4109649
4109498
4109473
4109383
4109309
4109282
2703246
4109182
4109131
4109079
4147182
4147153
5334788
3126414
7329869
3712270
3711086
3714489
3713385
3712421
7330049
8977421
9061779
8192439
8041758
7927854
8278609
7931200
4181698
7264156
3778203
3777618
3776474
2709335
2709265
2709268
2852820
2852936
2852961
2852838
2761315
2761314
2761320
2761312
2926821
3903859
2926820
2926816
2926823
3596562
3597493
7153184
3597409
2704501
3696222
5533588
5549961
2891773
4194122
7309764
7309702
7309778
4192834
4193200
4194166
4193117
4193434
4936526
4193715
7309724
7309749
7436140
8424006
2972389
2972145
2972477
2971766
2972067
2972073
2972077
2971605
2971572
2942298
2971374
2971772
8425549
2971573
2971420
8391591
2971492
2972128
2971946
2972387
2971867
2972245
2971856
2972118
2971580
2971599
2972108
2972179
2971626
2972082
2972197
2972177
2972007
2972228
2972414
2972028
2971412
2972061
2971498
2971378
2971603
2972269
2971920
2971726
2972122
2971423
2966648
2971485
2972164
2972284
2972382
2971597
2971994
2972027
2971493
2971648
2972257
2971739
2971635
2972105
2971473
2971954
2972325
2971774
2971930
2972002
2972101
2972043
2971936
2972336
4271745
2972360
2972339
9149947
5357677
2883920
2883922
2963211
2963211
3148460
3148450
3148323
3148446
3148470
3144407
5529389
5529356
5529329
7324238
2928631
2928525
7324166
3678766
2928595
2928551
8014775
2928531
2928590
3681494
2928594
3680952
3680903
3680831
3680297
3680235
3680004
2928545
3679316
3678763
2928538
2928624
7324003
2928596
2928598
3676861
7323903
3676745
3681864
3681840
3680896
4927144
2928534
2928565
7970859
7999386
2928524
4927129
8077747
2928576
2928562
4927157
2928636
2928585
7356499
4927127
8185368
8048713
2928589
2928547
2928539
7857257
4927162
2928516
7559668
8175980
7767526
5380966
5380976
5380985
5380964
5380970
5380968
4144605
4144035
2702459
4143195
2702462
2702458
5527024
2976324
2976331
2976328
2976326
3897941
5574621
5574569
5574482
3158235
3158247
3158234
3158232
3158249
3158238
3158256
3965362
2976620
8421765
2906085
2906045
2905580
2905493
2905474
2905475
2905549
2905576
2905713
2905388
3172499
9201240
6135830
5341724
5341725
7671360
7714579
7333254
3741029
7821504
3682613
3172274
3172270
3172262
8099654
3683864
3172267
3682915
3682752
7587215
3682200
3684922
8186401
7412284
3033953
3072811
3072767
3073097
3072885
3072953
3072888
3073062
3072853
3061035
3072900
3072924
3073017
3073120
3072979
3072985
3073036
3072918
3072988
3073016
3072916
3072794
3072800
3585231
2981744
2981760
2981765
2981767
2981747
2981753
2981770
2811253
2701632
2701311
2701413
2701456
2701397
2684610
2684500
3772788
3771792
3173085
3768936
7264394
3780684
3780616
3780447
3780408
9130129
7447231
3779432
7264189
3777861
3777195
3776835
8242435
7625812
3771705
3769301
3768929
7264353
2860828
5301451
4200862
4200725
7334418
6441622
8638407
7334366
4199985
7334322
7334298
2985933
7334272
7334266
2985945
2985938
4199379
4199199
4199124
2985930
4199039
8505233
4198937
7334162
4198690
2985943
4939517
3189886
3581539
3079577
3623873
3623862
3623746
3623628
2919675
2919703
2919708
2919656
2919661
2919667
2919685
2919720
3852095
3852039
3852012
3851956
9047924
3172561
4092746
3880382
3091280
5555218
7888162
3063738
8101901
3075498
3152102
5405628
5405661
5405676
5305083
5305011
5305177
8970626
2910169
2910098
2910160
2910014
3829516
3829506
7295730
3939529
8210571
7951139
2949004
2948996
2948962
2948982
2948985
2949011
2949015
5336171
2718781
2718622
2718694
2718760
2718806
2718844
2718835
2718866
2718898
2718953
2952236
2886248
2886253
2886252
2886321
2886316
2736068
7838324
2736084
2736081
2736071
3140332
3140472
7403263
3140506
3140343
3140393
3623478
3623452
3623412
3623321
2874672
7515427
3188725
3188724
3189382
2917819
2917907
2917889
5335614
3617345
3617325
3617305
3617218
3617150
9210803
3617077
3617048
3616989
3616938
3616904
9117221
3169743
3616844
3616809
3616801
3169746
3616753
3616748
3616697
8266293
3616675
3616644
3616583
3169744
3616525
3616504
7316760
3616417
3169740
3616347
3616198
3616180
3616064
3615980
3615931
3615854
3615844
3615834
3615826
5574921
5574919
5574916
3661319
3661280
3661274
3661230
3661192
3661097
3661070
3661061
9166398
3661037
7321726
3660948
3660890
3660881
3660840
3660781
7321677
7321665
3660624
3660616
3660599
3660579
4086344
2925303
7658661
2925321
4083763
7383157
5297615
5297614
2984466
4100081
4100068
4099261
4099014
4098924
4098915
3580837
7314409
5336915
5337058
2873680
5602750
5602741
7273621
5677003
2739279
2739287
7883293
5356488
3144759
3144775
3144674
3144869
3144742
3144823
3144718
3144875
3034015
7307841
5529258
5529258
5420912
3785542
3785538
2883139
2883134
2773692
3647709
2773721
2773760
4160417
4134122
2702901
7564565
2911933
2867627
2960731
5350010
3890737
2947376
3890438
2926906
8151735
7836531
7307634
3890271
5341392
3172920
3777231
3776649
5376530
5377060
5376565
3990273
7656200
2731062
7873674
2908928
2908939
4938017
2908941
4938018
3580344
3580243
3580180
3580162
5678107
3596635
7314363
5942765
2703873
2703868
2703872
4131818
2954089
2954079
2954066
2954074
2954065
2956392
3783219
3783177
3783169
3783244
3783225
3783199
3783183
3669768
3669510
3669498
3669379
4116449
9207176
2883127
3158226
2970394
2970341
2970376
2970418
2970430
5606902
7307276
7307237
7732603
5606636
7307152
7775217
5606506
7307031
8141480
5606223
3030262
5548611
3092587
2941198
3172297
6432960
8794632
3860266
3860259
3830755
7434697
7741917
3783554
3783481
7853859
5415004
2865245
2865247
4088889
3082297
3171890
3171880
4048684
8147697
2873861
2711798
2711749
4086591
7862197
4085453
8153018
4086664
4086601
4085693
7297293
2790455
3190002
7304140
2733413
2733469
2733426
5408235
5408376
5408923
5408326
5407957
5373341
2731979
2944259
2944256
7950488
7265601
7742437
3792311
7265556
4129708
2706241
2706242
4011871
4011857
4011477
2969016
2969000
2969170
2969097
2969055
2969156
7697298
7453832
3695610
3695585
3122420
2945339
5356903
5357013
5356872
5356881
4128715
5675693
5676987
5675304
5675293
8387012
5675655
5675642
5675621
5792448
3851302
7786570
8057465
7935615
7831238
5544776
5420986
8924323
7557998
5421007
5420987
8129014
5545117
5545115
2874601
8813253
6435171
2964167
2963865
2963817
2964711
7505948
2964355
3784713
3784695
3784677
7448084
3803374
3803146
7300058
2930181
2688348
2688247
2688393
3744721
2650435
3744316
4005883
2891785
3074013
3074413
3074515
3074459
3074312
3074187
3074298
3074097
3074488
3074374
3074358
3074490
3074309
3074012
3074394
3074363
3074185
3074330
3073948
3074231
3074202
3073977
5355075
3140871
3764441
2984583
4072638
2945047
2945063
2904943
2976978
2976943
2976938
2976970
2976976
2976931
7273321
3871821
3871810
3871765
3871716
3872335
3871707
9060535
3871673
3871641
7273285
3871465
3871353
7273267
3871322
3871285
3873430
3873343
7352245
7330870
3718528
3079229
3079228
3079200
3079213
3079192
3079220
3039521
2984705
2984700
2984703
2984691
2984695
7449927
7695131
2926616
3152762
5378000
5378557
5378605
5378524
5421427
3001509
3152369
3152378
3152377
3152268
3189422
3189421
5555960
8184725
3190638
3060953
3060998
7883401
2885109
2885121
2885269
2885045
2885150
2885311
2885327
2885077
2885147
2885158
5306903
3072478
5550220
5550218
7342771
7970596
5292539
3054670
3054666
2761352
2984714
2984750
2984756
2984738
2984724
2984710
2984726
2984734
2761220
2761232
2761157
2761200
2761169
2761178
2761185
2761212
2761193
3919788
3055858
3055868
3055859
7985433
5383263
5383274
5383225
5291551
5291474
5291476
5291728
8236887
5668625
5668622
5668595
5668590
3578861
3577941
3576571
3575508
3575442
7653972
3574880
8377394
5274876
5274875
3172618
7316625
3614848
3614839
8390705
3614723
8480614
4161057
3103774
7333734
3793292
9151957
7628599
3874433
7263577
2761151
2761134
2761135
2761133
2761152
3935995
3935988
3935983
7503637
3158649
5415885
5415976
5415832
5416109
3092331
3092364
3092304
3092370
7923691
3188511
3868853
3868832
3868815
3671883
7652129
3670964
5914287
5597440
3189990
